0002222222000000000000220000000220000000020000000000000000000000002000000000000000222000000000000000000020022222220000000000022200000000000000002220022000220000002000000222000222
0000003000003000030304000000304000000000405000000350000004300000040500003500030303000303000030300000000405000030000303500030300030003500000043030000400004000000040500003000303
0000003000003222230305220000305220000004222500000305000040300000422250003050030303222303000030300000004222500030000303050030322200003050000403032220522005220000422250003222003222
0000003000003000030300005000300005000040000050000300500400300004000005003005030303000003000030300000040000050030000303005030300030003005004003030000000500005004000005003000303
0000003000003000030302224000302224000400000005000300054000300040000000503000530303000003222230322220400000005030000303000530322230003000540003032220222402224040000000503222303222


000000000222200000000000000020000002220002220000222000022220000000000222000000000002222
005000403000030300003000000405000030003030000003000500300003035000303000000350003030000305000000450000004000
000504003000030300003000004222500032223032220003000030300003030500303222000305003030000300500004005000040000
000030003000030300003000040000050035000030000003000030300003030050303000000300503030000300050040000500400000
000030003222230322223000400000005030522032220003222400322223030005303222000300053032222300005400000054000000

